alpha =  1e-15
acc =  [85.0, 86.666666666666671, 85.0, 80.0, 76.666666666666671, 75.0, 71.666666666666671, 70.0, 71.666666666666671, 71.666666666666671]
alpha =  1e-10
acc =  [85.0, 86.666666666666671, 85.0, 80.0, 76.666666666666671, 75.0, 71.666666666666671, 70.0, 71.666666666666671, 71.666666666666671]
alpha =  1e-08
acc =  [85.0, 86.666666666666671, 85.0, 80.0, 76.666666666666671, 75.0, 71.666666666666671, 70.0, 71.666666666666671, 71.666666666666671]
alpha =  0.0001
acc =  [85.0, 86.666666666666671, 85.0, 80.0, 76.666666666666671, 75.0, 71.666666666666671, 70.0, 71.666666666666671, 71.666666666666671]
alpha =  0.001
acc =  [85.0, 86.666666666666671, 85.0, 80.0, 76.666666666666671, 75.0, 71.666666666666671, 70.0, 71.666666666666671, 71.666666666666671]
alpha =  0.01
acc =  [85.0, 86.666666666666671, 85.0, 80.0, 76.666666666666671, 75.0, 71.666666666666671, 70.0, 71.666666666666671, 71.666666666666671]
alpha =  1
acc =  [83.333333333333329, 86.666666666666671, 85.0, 80.0, 76.666666666666671, 75.0, 71.666666666666671, 70.0, 71.666666666666671, 71.666666666666671]
alpha =  5
acc =  [83.333333333333329, 83.333333333333329, 81.666666666666671, 80.0, 75.0, 73.333333333333329, 71.666666666666671, 71.666666666666671, 71.666666666666671, 71.666666666666671]
alpha =  10
acc =  [83.333333333333329, 80.0, 78.333333333333329, 75.0, 71.666666666666671, 71.666666666666671, 71.666666666666671, 71.666666666666671, 71.666666666666671, 70.0]
alpha =  20
acc =  [78.333333333333329, 78.333333333333329, 76.666666666666671, 75.0, 73.333333333333329, 73.333333333333329, 71.666666666666671, 70.0, 68.333333333333329, 70.0]
alpha =  50
acc =  [73.333333333333329, 68.333333333333329, 66.666666666666671, 65.0, 65.0, 65.0, 65.0, 63.333333333333336, 65.0, 66.666666666666671]
alpha =  100
acc =  [66.666666666666671, 66.666666666666671, 65.0, 65.0, 61.666666666666664, 61.666666666666664, 61.666666666666664, 61.666666666666664, 63.333333333333336, 63.333333333333336]
alpha =  102
acc =  [66.666666666666671, 66.666666666666671, 65.0, 65.0, 61.666666666666664, 61.666666666666664, 61.666666666666664, 61.666666666666664, 63.333333333333336, 61.666666666666664]
alpha =  104
acc =  [66.666666666666671, 66.666666666666671, 65.0, 65.0, 61.666666666666664, 61.666666666666664, 61.666666666666664, 61.666666666666664, 63.333333333333336, 61.666666666666664]
alpha =  109
acc =  [66.666666666666671, 65.0, 65.0, 65.0, 61.666666666666664, 61.666666666666664, 61.666666666666664, 61.666666666666664, 63.333333333333336, 61.666666666666664]
alpha =  115
acc =  [66.666666666666671, 65.0, 65.0, 61.666666666666664, 61.666666666666664, 61.666666666666664, 61.666666666666664, 61.666666666666664, 63.333333333333336, 61.666666666666664]
alpha =  124
acc =  [66.666666666666671, 65.0, 65.0, 61.666666666666664, 61.666666666666664, 61.666666666666664, 61.666666666666664, 61.666666666666664, 61.666666666666664, 61.666666666666664]
alpha =  1000
acc =  [51.666666666666664, 53.333333333333336, 53.333333333333336, 53.333333333333336, 53.333333333333336, 53.333333333333336, 53.333333333333336, 53.333333333333336, 53.333333333333336, 51.666666666666664]
